1933,1719,2000
1931,1716,2000
1929,1714,2000
1927,1711,2000
1925,1708,2000
1922,1705,2000
1920,1703,2000
1918,1700,2000
1916,1697,2000
1913,1694,2000
1911,1692,2000
1909,1689,2000
1906,1686,2000
1904,1683,2000
1901,1681,2000
1899,1678,2000
1897,1675,2000
1894,1672,2000
1892,1670,2000
1889,1667,2000
1887,1664,2000
1884,1661,2000
1882,1658,2000
1879,1656,2000
1876,1653,2000
1874,1650,2000
1871,1647,2000
1869,1644,2000
1866,1641,2000
1863,1639,2000
1861,1636,2000
1858,1633,2000
1855,1630,2000
1853,1627,2000
1850,1624,2000
1847,1621,2000
1845,1619,2000
1842,1616,2000
1839,1613,2000
1836,1610,2000
1834,1607,2000
1831,1604,2000
1828,1601,2000
1825,1598,2000
1822,1595,2000
1819,1593,2000
1817,1590,2000
1814,1587,2000
1811,1584,2000
1808,1581,2000
1805,1578,2000
1804,1578,2000
1803,1578,2000
1803,1578,2000
1802,1578,2000
1801,1578,2000
1801,1578,2000
1800,1578,2000
1799,1578,2000
1798,1578,2000
1798,1579,2000
1797,1579,2000
1796,1579,2000
1795,1579,2000
1795,1579,2000
1794,1579,2000
1793,1579,2000
1793,1579,2000
1792,1579,2000
1791,1579,2000
1790,1580,2000
1790,1580,2000
1789,1580,2000
1788,1580,2000
1787,1580,2000
1787,1580,2000
1786,1580,2000
1785,1581,2000
1784,1581,2000
1784,1581,2000
1783,1581,2000
1782,1581,2000
1781,1581,2000
1781,1581,2000
1780,1582,2000
1779,1582,2000
1778,1582,2000
1778,1582,2000
1777,1582,2000
1776,1583,2000
1775,1583,2000
1775,1583,2000
1774,1583,2000
1773,1583,2000
1772,1584,2000
1772,1584,2000
1771,1584,2000
1770,1584,2000
1769,1584,2000
1769,1585,2000
1768,1585,2000
1770,1587,2000
1772,1589,2000
1774,1592,2000
1776,1594,2000
1778,1596,2000
1780,1598,2000
1782,1601,2000
1784,1603,2000
1786,1605,2000
1788,1607,2000
1790,1610,2000
1792,1612,2000
1794,1614,2000
1796,1616,2000
1797,1619,2000
1799,1621,2000
1801,1623,2000
1803,1625,2000
1805,1627,2000
1807,1630,2000
1809,1632,2000
1811,1634,2000
1813,1636,2000
1814,1639,2000
1816,1641,2000
1818,1643,2000
1820,1645,2000
1822,1647,2000
1824,1650,2000
1825,1652,2000
1827,1654,2000
1829,1656,2000
1831,1658,2000
1833,1661,2000
1834,1663,2000
1836,1665,2000
1838,1667,2000
1840,1669,2000
1841,1672,2000
1843,1674,2000
1845,1676,2000
1846,1678,2000
1848,1680,2000
1850,1682,2000
1851,1685,2000
1853,1687,2000
1855,1689,2000
1856,1691,2000
1858,1693,2000
1860,1696,2000
1859,1696,2000
1858,1696,2000
1857,1696,2000
1856,1696,2000
1855,1697,2000
1854,1697,2000
1853,1697,2000
1852,1697,2000
1851,1698,2000
1850,1698,2000
1849,1698,2000
1848,1698,2000
1847,1699,2000
1846,1699,2000
1845,1699,2000
1844,1700,2000
1843,1700,2000
1842,1700,2000
1841,1700,2000
1840,1701,2000
1839,1701,2000
1839,1701,2000
1838,1702,2000
1837,1702,2000
1836,1702,2000
1835,1702,2000
1834,1703,2000
1833,1703,2000
1832,1703,2000
1831,1704,2000
1830,1704,2000
1829,1704,2000
1828,1705,2000
1827,1705,2000
1826,1705,2000
1825,1706,2000
1824,1706,2000
1823,1706,2000
1822,1707,2000
1821,1707,2000
1820,1707,2000
1819,1708,2000
1818,1708,2000
1817,1709,2000
1816,1709,2000
1815,1709,2000
1814,1710,2000
1813,1710,2000
1812,1710,2000
1811,1711,2000
1809,1708,2000
1808,1705,2000
1806,1703,2000
1804,1700,2000
1802,1698,2000
1800,1695,2000
1798,1692,2000
1796,1690,2000
1794,1687,2000
1793,1684,2000
1791,1682,2000
1789,1679,2000
1787,1676,2000
1785,1674,2000
1783,1671,2000
1781,1668,2000
1779,1666,2000
1777,1663,2000
1775,1661,2000
1773,1658,2000
1771,1655,2000
1769,1653,2000
1767,1650,2000
1765,1647,2000
1762,1645,2000
1760,1642,2000
1758,1639,2000
1756,1637,2000
1754,1634,2000
1752,1631,2000
1750,1629,2000
1748,1626,2000
1745,1623,2000
1743,1621,2000
1741,1618,2000
1739,1615,2000
1737,1613,2000
1735,1610,2000
1732,1607,2000
1730,1605,2000
1728,1602,2000
1726,1599,2000
1723,1597,2000
1721,1594,2000
1719,1591,2000
1717,1589,2000
1714,1586,2000
1712,1583,2000
1710,1581,2000
1707,1578,1100
1707,1577,1100
1706,1576,1100
1705,1575,1100
1704,1574,1100
1703,1573,1100
1702,1572,1100
1701,1571,1100
1700,1569,1100
1700,1568,1100
1699,1567,1100
1698,1566,1100
1697,1565,1100
1696,1564,1100
1695,1563,1100
1694,1562,1100
1693,1561,1100
1692,1560,1100
1691,1559,1100
1691,1558,1100
1690,1557,1100
1689,1556,1100
1688,1555,1100
1687,1554,1100
1686,1553,1100
1685,1552,1100
1684,1551,1100
1683,1550,1100
1682,1548,1100
1681,1547,1100
1681,1546,1100
1680,1545,1100
1679,1544,1100
1678,1543,1100
1677,1542,1100
1676,1541,1100
1675,1540,1100
1674,1539,1100
1673,1538,1100
1672,1537,1100
1671,1536,1100
1670,1535,1100
1670,1534,1100
1669,1533,1100
1668,1532,1100
1667,1531,1100
1666,1530,1100
1665,1528,1100
1664,1527,1100
1663,1526,1100
1662,1525,2000
1664,1525,2000
1665,1525,2000
1667,1524,2000
1669,1524,2000
1671,1524,2000
1672,1523,2000
1674,1523,2000
1676,1523,2000
1677,1522,2000
1679,1522,2000
1681,1522,2000
1683,1522,2000
1684,1521,2000
1686,1521,2000
1688,1521,2000
1689,1521,2000
1691,1521,2000
1693,1520,2000
1694,1520,2000
1696,1520,2000
1698,1520,2000
1699,1520,2000
1701,1520,2000
1703,1520,2000
1704,1520,2000
1706,1520,2000
1708,1520,2000
1709,1520,2000
1711,1520,2000
1713,1520,2000
1714,1520,2000
1716,1520,2000
1718,1520,2000
1719,1520,2000
1721,1520,2000
1723,1520,2000
1724,1520,2000
1726,1520,2000
1728,1520,2000
1729,1520,2000
1731,1521,2000
1733,1521,2000
1734,1521,2000
1736,1521,2000
1738,1521,2000
1739,1522,2000
1741,1522,2000
1743,1522,2000
1744,1523,2000
1746,1523,1100
1745,1523,1100
1744,1523,1100
1744,1522,1100
1743,1522,1100
1742,1522,1100
1741,1522,1100
1740,1522,1100
1740,1522,1100
1739,1522,1100
1738,1522,1100
1737,1522,1100
1736,1522,1100
1736,1522,1100
1735,1522,1100
1734,1522,1100
1733,1521,1100
1732,1521,1100
1731,1521,1100
1731,1521,1100
1730,1521,1100
1729,1521,1100
1728,1521,1100
1727,1521,1100
1727,1521,1100
1726,1521,1100
1725,1521,1100
1724,1521,1100
1723,1521,1100
1722,1521,1100
1722,1521,1100
1721,1521,1100
1720,1521,1100
1719,1521,1100
1718,1521,1100
1718,1521,1100
1717,1521,1100
1716,1521,1100
1715,1521,1100
1714,1521,1100
1713,1521,1100
1713,1521,1100
1712,1521,1100
1711,1521,1100
1710,1521,1100
1709,1521,1100
1708,1522,1100
1708,1522,1100
1707,1522,1100
1706,1522,1100
1705,1522,2000
1705,1521,2000
1705,1520,2000
1705,1518,2000
1705,1517,2000
1705,1516,2000
1705,1515,2000
1705,1514,2000
1705,1513,2000
1704,1512,2000
1704,1511,2000
1704,1510,2000
1704,1508,2000
1704,1507,2000
1704,1506,2000
1704,1505,2000
1703,1504,2000
1703,1503,2000
1703,1502,2000
1703,1501,2000
1703,1500,2000
1702,1499,2000
1702,1498,2000
1702,1496,2000
1702,1495,2000
1702,1494,2000
1701,1493,2000
1701,1492,2000
1701,1491,2000
1701,1490,2000
-1510,1489,2000
1700,1488,2000
1700,1487,2000
1699,1486,2000
1699,1484,2000
1699,1483,2000
1698,1482,2000
1698,1481,2000
1698,1480,2000
1697,1479,2000
1697,1478,2000
1697,1477,2000
1696,1476,2000
1696,1475,2000
1695,1474,2000
1695,1473,2000
1695,1472,2000
1694,1470,2000
1694,1469,2000
1693,1468,2000
1693,1467,1100
1693,1468,1100
1694,1470,1100
1694,1471,1100
1695,1472,1100
1695,1473,1100
1696,1474,1100
1696,1475,1100
1696,1476,1100
1697,1478,1100
1697,1479,1100
1697,1480,1100
1698,1481,1100
1698,1482,1100
1699,1483,1100
1699,1485,1100
1699,1486,1100
1699,1487,1100
1700,1488,1100
1700,1489,1100
1700,1490,1100
1701,1492,1100
1701,1493,1100
1701,1494,1100
1701,1495,1100
1702,1496,1100
1702,1498,1100
1702,1499,1100
1702,1500,1100
1702,1501,1100
1703,1502,1100
1703,1503,1100
1703,1505,1100
1703,1506,1100
1703,1507,1100
1703,1508,1100
1704,1509,1100
1704,1511,1100
1704,1512,1100
1704,1513,1100
1704,1514,1100
1704,1515,1100
1704,1517,1100
1704,1518,1100
1704,1519,1100
1704,1520,1100
1704,1521,1100
1704,1523,1100
1704,1524,1100
1704,1525,1100
1705,1526,2000
1702,1525,2000
1700,1523,2000
1698,1522,2000
1696,1520,2000
1694,1519,2000
1692,1517,2000
1689,1516,2000
1687,1514,2000
1685,1513,2000
1683,1511,2000
1681,1510,2000
1679,1508,2000
1677,1507,2000
1674,1506,2000
1672,1504,2000
1670,1503,2000
1668,1501,2000
1666,1500,2000
1664,1498,2000
1662,1497,2000
1660,1496,2000
1658,1494,2000
1655,1493,2000
1653,1491,2000
1651,1490,2000
1649,1489,2000
1647,1487,2000
1645,1486,2000
1643,1484,2000
1641,1483,2000
1639,1482,2000
1637,1480,2000
1635,1479,2000
1633,1478,2000
1630,1476,2000
1628,1475,2000
1626,1474,2000
1624,1472,2000
1622,1471,2000
1620,1470,2000
1618,1469,2000
1616,1467,2000
1614,1466,2000
1612,1465,2000
1610,1463,2000
1608,1462,2000
1606,1461,2000
1604,1460,2000
1602,1458,2000
1600,1457,1100
1599,1456,1100
1599,1456,1100
1598,1455,1100
1597,1454,1100
1596,1453,1100
1596,1452,1100
1595,1452,1100
1594,1451,1100
1594,1450,1100
1593,1449,1100
1592,1449,1100
1591,1448,1100
1591,1447,1100
1590,1446,1100
1589,1446,1100
1589,1445,1100
1588,1444,1100
1587,1443,1100
1586,1443,1100
1586,1442,1100
1585,1441,1100
1584,1440,1100
1584,1440,1100
1583,1439,1100
1582,1438,1100
1581,1437,1100
1581,1436,1100
1580,1436,1100
1579,1435,1100
1578,1434,1100
1578,1433,1100
1577,1433,1100
1576,1432,1100
1576,1431,1100
1575,1430,1100
1574,1430,1100
1573,1429,1100
1573,1428,1100
1572,1427,1100
1571,1427,1100
1571,1426,1100
1570,1425,1100
1569,1424,1100
1568,1424,1100
1568,1423,1100
1567,1422,1100
-1529,1421,1100
1565,1420,1100
1565,1420,1100
1564,1419,2000
1564,1418,2000
1563,1417,2000
1563,1415,2000
1563,1414,2000
1562,1413,2000
1562,1412,2000
1561,1410,2000
1561,1409,2000
1561,1408,2000
1560,1407,2000
1560,1406,2000
1559,1404,2000
1559,1403,2000
1558,1402,2000
1558,1401,2000
1558,1399,2000
1557,1398,2000
1557,1397,2000
1556,1396,2000
1556,1394,2000
1555,1393,2000
1555,1392,2000
1554,1391,2000
1554,1390,2000
1553,1388,2000
1553,1387,2000
1553,1386,2000
1552,1385,2000
1552,1383,2000
1551,1382,2000
1551,1381,2000
1550,1380,2000
1550,1378,2000
1549,1377,2000
1548,1376,2000
1548,1375,2000
1547,1373,2000
1547,1372,2000
1546,1371,2000
1546,1370,2000
1545,1368,2000
1545,1367,2000
1544,1366,2000
1544,1365,2000
1543,1363,2000
1542,1362,2000
1542,1361,2000
1541,1359,2000
1541,1358,2000
1540,1357,1100
1538,1356,1100
1537,1355,1100
1535,1354,1100
1534,1353,1100
1532,1353,1100
1530,1352,1100
1529,1351,1100
1527,1350,1100
1526,1349,1100
1524,1348,1100
1522,1347,1100
1521,1347,1100
1519,1346,1100
1518,1345,1100
1516,1344,1100
1515,1343,1100
1513,1343,1100
1511,1342,1100
1510,1341,1100
1508,1340,1100
1507,1339,1100
1505,1339,1100
1504,1338,1100
1502,1337,1100
1500,1336,1100
1499,1336,1100
1497,1335,1100
1496,1334,1100
1494,1333,1100
1493,1333,1100
1491,1332,1100
1490,1331,1100
1488,1331,1100
1486,1330,1100
1485,1329,1100
1483,1329,1100
1482,1328,1100
1480,1327,1100
1479,1327,1100
1477,1326,1100
1476,1325,1100
1474,1325,1100
1473,1324,1100
1471,1323,1100
1470,1323,1100
1468,1322,1100
1467,1322,1100
1465,1321,1100
1463,1320,1100
1462,1320,2000
1465,1320,2000
1468,1321,2000
1470,1322,2000
1473,1322,2000
1476,1323,2000
1479,1324,2000
1482,1325,2000
1485,1326,2000
1487,1326,2000
1490,1327,2000
1493,1328,2000
1496,1329,2000
1499,1330,2000
1502,1331,2000
1505,1332,2000
1507,1333,2000
1510,1334,2000
1513,1335,2000
1516,1336,2000
1519,1338,2000
1522,1339,2000
1525,1340,2000
1528,1341,2000
1531,1342,2000
1534,1344,2000
1536,1345,2000
1539,1346,2000
1542,1348,2000
1545,1349,2000
1548,1351,2000
1551,1352,2000
1554,1354,2000
1557,1355,2000
1560,1357,2000
1563,1358,2000
1566,1360,2000
1569,1362,2000
1572,1363,2000
1575,1365,2000
1578,1367,2000
1581,1369,2000
1584,1371,2000
1588,1372,2000
1591,1374,2000
1594,1376,2000
1597,1378,2000
1600,1380,2000
1603,1382,2000
1940,1647,2000
1609,1386,1100
1607,1384,1100
1604,1381,1100
1602,1379,1100
1599,1376,1100
1597,1374,1100
1594,1371,1100
1592,1368,1100
1589,1366,1100
1586,1363,1100
1584,1361,1100
1581,1358,1100
1579,1355,1100
1576,1353,1100
1574,1350,1100
1571,1348,1100
1568,1345,1100
1566,1343,1100
1563,1340,1100
1561,1337,1100
1558,1335,1100
1556,1332,1100
1553,1329,1100
1551,1327,1100
1548,1324,1100
1545,1322,1100
1543,1319,1100
1540,1316,1100
1538,1314,1100
1535,1311,1100
1533,1309,1100
1530,1306,1100
1528,1303,1100
1525,1301,1100
1522,1298,1100
1520,1295,1100
1517,1293,1100
1515,1290,1100
1512,1288,1100
1510,1285,1100
1507,1282,1100
1505,1280,1100
1502,1277,1100
1500,1274,1100
1497,1272,1100
1495,1269,1100
1492,1266,1100
1490,1264,1100
1487,1261,1100
1485,1259,1100
1482,1256,2000
1481,1256,2000
1481,1257,2000
1480,1258,2000
1480,1258,2000
1479,1259,2000
1478,1260,2000
1478,1260,2000
1477,1261,2000
1476,1262,2000
1476,1262,2000
1475,1263,2000
1474,1264,2000
1474,1265,2000
1473,1265,2000
1472,1266,2000
1471,1267,2000
1470,1268,2000
1470,1269,2000
1469,1269,2000
1468,1270,2000
1467,1271,2000
1466,1272,2000
1465,1273,2000
1465,1274,2000
1464,1275,2000
1463,1276,2000
1462,1276,2000
1461,1277,2000
1460,1278,2000
1459,1279,2000
1458,1280,2000
1457,1281,2000
1456,1282,2000
1455,1283,2000
1454,1284,2000
1453,1285,2000
1452,1286,2000
1451,1287,2000
1450,1289,2000
1449,1290,2000
1448,1291,2000
1447,1292,2000
1445,1293,2000
1444,1294,2000
1443,1295,2000
1442,1296,2000
1441,1297,2000
1440,1299,2000
1439,1300,2000
1437,1301,2000
1437,1298,2000
1436,1295,2000
1436,1292,2000
1435,1289,2000
1434,1286,2000
1433,1284,2000
1433,1281,2000
1432,1278,2000
1431,1275,2000
1430,1272,2000
1429,1269,2000
1429,1266,2000
1428,1263,2000
1427,1260,2000
1426,1257,2000
1425,1254,2000
1424,1251,2000
1423,1248,2000
1422,1245,2000
1421,1242,2000
1420,1239,2000
1419,1236,2000
1417,1233,2000
1416,1230,2000
1415,1227,2000
1414,1224,2000
1413,1221,2000
1411,1217,2000
1410,1214,2000
1409,1211,2000
1407,1208,2000
1406,1205,2000
1405,1202,2000
1403,1199,2000
1402,1195,2000
1400,1192,2000
1399,1189,2000
1397,1186,2000
1396,1183,2000
1394,1179,2000
1393,1176,2000
1391,1173,2000
1389,1170,2000
1388,1166,2000
1386,1163,2000
1384,1160,2000
1382,1156,2000
1381,1153,2000
1379,1150,2000
1377,1146,2000
1377,1148,2000
1377,1149,2000
1377,1150,2000
1377,1152,2000
1377,1153,2000
1378,1155,2000
1378,1156,2000
1378,1158,2000
1378,1159,2000
1378,1161,2000
1378,1162,2000
1378,1164,2000
1378,1165,2000
1378,1167,2000
1377,1168,2000
1377,1170,2000
1377,1171,2000
1377,1173,2000
1377,1174,2000
1377,1176,2000
1377,1177,2000
1377,1179,2000
1376,1180,2000
1376,1182,2000
1376,1183,2000
1376,1185,2000
1376,1186,2000
1375,1188,2000
1375,1189,2000
1375,1191,2000
1375,1192,2000
1374,1194,2000
1374,1195,2000
1374,1197,2000
1373,1198,2000
1373,1200,2000
1373,1202,2000
1372,1203,2000
1372,1205,2000
1372,1206,2000
1371,1208,2000
1371,1209,2000
1370,1211,2000
1370,1212,2000
1369,1214,2000
1369,1216,2000
1368,1217,2000
1368,1219,2000
1367,1220,2000
1367,1222,1100
1366,1221,1100
1365,1220,1100
1364,1219,1100
1363,1218,1100
1363,1217,1100
1362,1217,1100
1361,1216,1100
1360,1215,1100
1359,1214,1100
1358,1213,1100
1357,1212,1100
1356,1211,1100
1355,1210,1100
1355,1210,1100
1354,1209,1100
1353,1208,1100
1887,1606,1100
1351,1206,1100
1350,1205,1100
1349,1204,1100
1348,1203,1100
1348,1202,1100
1347,1202,1100
1346,1201,1100
1345,1200,1100
1344,1199,1100
1343,1198,1100
1342,1197,1100
1341,1196,1100
1340,1195,1100
1340,1195,1100
1339,1194,1100
1338,1193,1100
1337,1192,1100
1336,1191,1100
1335,1190,1100
1334,1189,1100
1333,1189,1100
1333,1188,1100
1332,1187,1100
1331,1186,1100
1330,1185,1100
1329,1184,1100
1328,1183,1100
1327,1182,1100
1326,1182,1100
1325,1181,1100
1325,1180,1100
1324,1179,1100
1323,1178,2000
1321,1176,2000
1318,1175,2000
1316,1173,2000
1314,1171,2000
1312,1169,2000
1310,1167,2000
1307,1166,2000
1305,1164,2000
1303,1162,2000
1301,1160,2000
1299,1158,2000
1296,1157,2000
1294,1155,2000
1292,1153,2000
1290,1151,2000
1288,1150,2000
1286,1148,2000
1283,1146,2000
1281,1145,2000
1279,1143,2000
1277,1141,2000
1275,1140,2000
1272,1138,2000
1270,1136,2000
1268,1135,2000
1266,1133,2000
1264,1131,2000
1262,1130,2000
1259,1128,2000
1257,1126,2000
1255,1125,2000
1253,1123,2000
1251,1122,2000
1249,1120,2000
1246,1118,2000
1244,1117,2000
1242,1115,2000
1240,1114,2000
1238,1112,2000
1236,1111,2000
1233,1109,2000
1231,1107,2000
1229,1106,2000
1227,1104,2000
1225,1103,2000
1223,1101,2000
1221,1100,2000
1218,1098,2000
1216,1097,2000
1214,1096,1100
1216,1097,1100
1219,1098,1100
1221,1099,1100
1223,1101,1100
1225,1102,1100
1228,1103,1100
1230,1105,1100
1232,1106,1100
1235,1108,1100
1237,1109,1100
1239,1110,1100
1241,1112,1100
1244,1113,1100
1246,1115,1100
1248,1116,1100
1250,1118,1100
1253,1119,1100
1255,1120,1100
1257,1122,1100
1260,1123,1100
1262,1125,1100
1264,1126,1100
1266,1128,1100
1269,1129,1100
1271,1131,1100
1273,1133,1100
1276,1134,1100
1278,1136,1100
1280,1137,1100
1283,1139,1100
1285,1140,1100
1287,1142,1100
1289,1144,1100
1292,1145,1100
1294,1147,1100
1296,1149,1100
1299,1150,1100
1301,1152,1100
1303,1154,1100
1306,1155,1100
1308,1157,1100
1310,1159,1100
1313,1160,1100
1315,1162,1100
1317,1164,1100
1320,1166,1100
1322,1167,1100
1324,1169,1100
1327,1171,1100
1329,1173,2000
1329,1171,2000
1330,1169,2000
1330,1168,2000
1330,1166,2000
1330,1165,2000
1331,1163,2000
1331,1161,2000
1331,1160,2000
1331,1158,2000
1332,1157,2000
1332,1155,2000
1332,1153,2000
1332,1152,2000
1332,1150,2000
1332,1149,2000
1332,1147,2000
1333,1145,2000
1333,1144,2000
1333,1142,2000
1333,1141,2000
1333,1139,2000
1655,1414,2000
1333,1136,2000
1333,1134,2000
1333,1133,2000
1333,1131,2000
1333,1130,2000
1333,1128,2000
1333,1126,2000
1333,1125,2000
1333,1123,2000
1333,1122,2000
1333,1120,2000
1333,1118,2000
1333,1117,2000
1333,1115,2000
1333,1114,2000
1333,1112,2000
1332,1110,2000
1332,1109,2000
1332,1107,2000
1332,1106,2000
1332,1104,2000
1332,1103,2000
1331,1101,2000
1331,1099,2000
1331,1098,2000
1331,1096,2000
1330,1095,2000
1330,1093,1100
1330,1093,1100
1330,1093,1100
1330,1093,1100
1330,1093,1100
1330,1093,1100
1330,1093,1100
1330,1093,1100
1330,1093,1100
1330,1093,1100
1330,1092,1100
1330,1092,1100
1330,1092,1100
1330,1092,1100
1330,1092,1100
1330,1092,1100
1330,1092,1100
1330,1092,1100
1330,1092,1100
1330,1092,1100
1330,1092,1100
1330,1092,1100
1330,1092,1100
1330,1092,1100
1330,1092,1100
1330,1092,1100
1330,1092,1100
1330,1092,1100
1330,1092,1100
1330,1092,1100
1330,1092,1100
1330,1092,1100
1330,1092,1100
1330,1091,1100
1330,1091,1100
1330,1091,1100
1330,1091,1100
1330,1091,1100
1330,1091,1100
1330,1091,1100
1330,1091,1100
1330,1091,1100
1330,1091,1100
1330,1091,1100
1330,1091,1100
1330,1091,1100
1330,1091,1100
1330,1091,1100
1330,1091,1100
1330,1091,1100
1330,1091,2000
1328,1088,2000
1325,1086,2000
1323,1083,2000
1321,1081,2000
1318,1079,2000
1316,1076,2000
1314,1074,2000
1311,1071,2000
1309,1069,2000
1307,1067,2000
1304,1064,2000
1302,1062,2000
1300,1060,2000
1298,1057,2000
1295,1055,2000
1293,1053,2000
1291,1050,2000
1288,1048,2000
1286,1046,2000
1284,1043,2000
1282,1041,2000
1279,1039,2000
1277,1037,2000
1275,1034,2000
1273,1032,2000
1270,1030,2000
1268,1028,2000
1266,1025,2000
1264,1023,2000
1261,1021,2000
1259,1019,2000
1257,1017,2000
1255,1014,2000
1253,1012,2000
1250,1010,2000
1248,1008,2000
1246,1006,2000
1244,1004,2000
1241,1001,2000
1239,999,2000
1237,997,2000
1235,995,2000
1233,993,2000
1230,991,2000
1228,989,2000
1226,987,2000
1224,985,2000
1222,983,2000
1220,981,2000
1217,979,1100
1220,982,1100
1223,986,1100
1225,990,1100
1228,993,1100
1230,997,1100
1233,1000,1100
1235,1004,1100
1238,1007,1100
1240,1011,1100
1243,1014,1100
1245,1018,1100
1248,1021,1100
1250,1025,1100
1253,1028,1100
1255,1032,1100
1258,1035,1100
1260,1039,1100
1263,1042,1100
1265,1046,1100
1268,1049,1100
1270,1053,1100
1273,1056,1100
1275,1059,1100
1277,1063,1100
1280,1066,1100
1282,1070,1100
1285,1073,1100
1287,1077,1100
1290,1080,1100
1292,1083,1100
1294,1087,1100
1297,1090,1100
1299,1093,1100
1301,1097,1100
1304,1100,1100
1306,1103,1100
1308,1107,1100
1311,1110,1100
1313,1113,1100
1315,1117,1100
1318,1120,1100
1320,1123,1100
1322,1127,1100
1325,1130,1100
1327,1133,1100
1329,1136,1100
1331,1140,1100
1334,1143,1100
1336,1146,1100
1338,1149,2000
1336,1147,2000
1333,1145,2000
1331,1143,2000
1329,1140,2000
1326,1138,2000
1324,1136,2000
1322,1133,2000
1319,1131,2000
1317,1129,2000
1315,1127,2000
1312,1124,2000
1310,1122,2000
1308,1120,2000
1305,1118,2000
1303,1115,2000
1301,1113,2000
1298,1111,2000
1296,1109,2000
1294,1106,2000
1291,1104,2000
1289,1102,2000
1287,1100,2000
1284,1098,2000
1282,1096,2000
1280,1093,2000
1278,1091,2000
1275,1089,2000
1273,1087,2000
1271,1085,2000
1268,1083,2000
1266,1080,2000
1264,1078,2000
1261,1076,2000
1259,1074,2000
1257,1072,2000
1255,1070,2000
1252,1068,2000
1250,1066,2000
1248,1064,2000
1245,1062,2000
1243,1060,2000
1241,1057,2000
1239,1055,2000
1236,1053,2000
1234,1051,2000
1232,1049,2000
1230,1047,2000
1227,1045,2000
1225,1043,2000
1223,1041,1100
1222,1042,1100
1220,1042,1100
1219,1042,1100
1218,1042,1100
1217,1042,1100
1216,1043,1100
1215,1043,1100
1214,1043,1100
1212,1043,1100
1211,1044,1100
1210,1044,1100
1209,1044,1100
1208,1044,1100
1207,1045,1100
1205,1045,1100
1204,1045,1100
1203,1046,1100
1202,1046,1100
1201,1046,1100
1200,1046,1100
1198,1047,1100
1197,1047,1100
1196,1047,1100
1195,1048,1100
1194,1048,1100
1192,1048,1100
1191,1049,1100
1190,1049,1100
1189,1049,1100
1188,1050,1100
1186,1050,1100
1185,1051,1100
1184,1051,1100
1183,1051,1100
1182,1052,1100
1180,1052,1100
1179,1052,1100
1178,1053,1100
1177,1053,1100
1175,1054,1100
1174,1054,1100
1173,1055,1100
1172,1055,1100
1170,1055,1100
1169,1056,1100
1168,1056,1100
1167,1057,1100
1165,1057,1100
1164,1058,1100
1163,1058,2000
1160,1056,2000
1157,1054,2000
1155,1052,2000
1152,1051,2000
1149,1049,2000
1146,1047,2000
1144,1045,2000
1141,1043,2000
1138,1041,2000
1135,1040,2000
1132,1038,2000
1130,1036,2000
1127,1034,2000
1124,1033,2000
1121,1031,2000
1119,1029,2000
1116,1027,2000
1113,1026,2000
1110,1024,2000
1107,1022,2000
1105,1021,2000
1102,1019,2000
1099,1017,2000
1096,1016,2000
1093,1014,2000
1091,1013,2000
1088,1011,2000
1085,1010,2000
1082,1008,2000
1080,1007,2000
1077,1005,2000
1074,1004,2000
1071,1002,2000
1068,1001,2000
1066,999,2000
1063,998,2000
1060,996,2000
1057,995,2000
1054,993,2000
1052,992,2000
1049,991,2000
1046,989,2000
1043,988,2000
1040,987,2000
1037,985,2000
1035,984,2000
1032,983,2000
1029,982,2000
1026,980,2000
1023,979,1100
1025,980,1100
1026,980,1100
1028,981,1100
1029,981,1100
1031,982,1100
1032,983,1100
1034,983,1100
1035,984,1100
1037,984,1100
1038,985,1100
1040,986,1100
1041,986,1100
1043,987,1100
1044,988,1100
1046,988,1100
1047,989,1100
1049,989,1100
1050,990,1100
1052,991,1100
1053,991,1100
1055,992,1100
1056,993,1100
1058,993,1100
1059,994,1100
1061,995,1100
1062,995,1100
1064,996,1100
1065,997,1100
1066,998,1100
1068,998,1100
1069,999,1100
1071,1000,1100
1072,1000,1100
1074,1001,1100
1075,1002,1100
1077,1003,1100
1078,1003,1100
1080,1004,1100
1081,1005,1100
1083,1005,1100
1084,1006,1100
1086,1007,1100
1087,1008,1100
1089,1008,1100
1090,1009,1100
1092,1010,1100
1093,1011,1100
1095,1012,1100
1096,1012,1100
1098,1013,2000
1098,1011,2000
1098,1009,2000
1098,1007,2000
1098,1004,2000
1099,1002,2000
1099,1000,2000
1099,998,2000
1099,996,2000
1099,994,2000
1099,991,2000
1099,989,2000
1100,987,2000
1100,985,2000
1100,983,2000
1100,980,2000
1100,978,2000
1100,976,2000
1100,974,2000
1100,972,2000
1100,969,2000
1100,967,2000
1100,965,2000
1100,963,2000
1100,960,2000
1100,958,2000
1100,956,2000
1100,954,2000
1100,952,2000
1100,949,2000
1100,947,2000
1100,945,2000
1100,942,2000
1100,940,2000
1100,938,2000
1099,936,2000
1099,933,2000
1099,931,2000
1099,929,2000
1099,926,2000
1099,924,2000
1098,922,2000
1098,920,2000
1098,917,2000
1098,915,2000
1098,913,2000
1097,910,2000
1097,908,2000
1097,906,2000
1097,903,2000
