1856,1949,2000
1856,1947,2000
1855,1945,2000
1855,1943,2000
1854,1941,2000
1854,1939,2000
1854,1937,2000
1853,1935,2000
1853,1933,2000
1852,1931,2000
1852,1929,2000
1851,1927,2000
1851,1924,2000
1850,1922,2000
1850,1920,2000
1850,1918,2000
1849,1916,2000
1849,1914,2000
1848,1912,2000
1848,1910,2000
1847,1908,2000
1847,1906,2000
1846,1905,2000
1846,1903,2000
1845,1901,2000
1845,1899,2000
1844,1897,2000
1843,1895,2000
1843,1893,2000
1842,1891,2000
1842,1889,2000
1841,1887,2000
1841,1885,2000
1840,1883,2000
1839,1881,2000
1839,1879,2000
1838,1877,2000
1838,1875,2000
1837,1873,2000
1837,1871,2000
1836,1869,2000
1835,1867,2000
1835,1866,2000
1834,1864,2000
1833,1862,2000
1833,1860,2000
1832,1858,2000
1831,1856,2000
1831,1854,2000
1830,1852,2000
1829,1850,2000
1828,1850,2000
1828,1850,2000
1827,1850,2000
1826,1850,2000
1825,1850,2000
1824,1850,2000
1823,1850,2000
1822,1850,2000
1821,1850,2000
1820,1850,2000
1819,1850,2000
1818,1850,2000
1817,1850,2000
1816,1850,2000
1815,1850,2000
1814,1850,2000
1813,1849,2000
1812,1849,2000
1811,1849,2000
1810,1849,2000
1809,1849,2000
1808,1849,2000
1807,1849,2000
1806,1849,2000
1805,1849,2000
1804,1849,2000
1803,1849,2000
1802,1849,2000
1801,1849,2000
1800,1849,2000
1799,1849,2000
1798,1849,2000
1797,1849,2000
1797,1849,2000
1796,1849,2000
1795,1849,2000
1794,1849,2000
1793,1849,2000
1792,1849,2000
1791,1849,2000
1790,1849,2000
1789,1849,2000
1788,1849,2000
1787,1849,2000
1786,1849,2000
1785,1849,2000
1784,1849,2000
1783,1849,2000
1782,1849,2000
1781,1849,2000
1782,1851,2000
1782,1853,2000
1783,1855,2000
1784,1857,2000
1785,1859,2000
1785,1861,2000
1786,1863,2000
1787,1865,2000
1787,1867,2000
1788,1869,2000
1789,1871,2000
1789,1873,2000
1790,1875,2000
1791,1876,2000
1791,1878,2000
1792,1880,2000
1793,1882,2000
1793,1884,2000
1794,1886,2000
1794,1888,2000
1795,1890,2000
1796,1892,2000
1796,1894,2000
1797,1896,2000
1797,1898,2000
1798,1900,2000
1799,1902,2000
1799,1904,2000
1800,1906,2000
1800,1908,2000
1801,1910,2000
1801,1912,2000
1802,1914,2000
1803,1916,2000
1803,1918,2000
1804,1920,2000
1804,1922,2000
1805,1924,2000
1805,1926,2000
1806,1929,2000
1806,1931,2000
1807,1933,2000
1807,1935,2000
1808,1937,2000
1808,1939,2000
1809,1941,2000
1809,1943,2000
1810,1945,2000
1810,1947,2000
1811,1949,2000
1810,1950,2000
1809,1950,2000
1808,1950,2000
1807,1951,2000
1806,1951,2000
1805,1951,2000
1805,1952,2000
1804,1952,2000
1803,1952,2000
1802,1953,2000
1801,1953,2000
1800,1953,2000
1799,1954,2000
1799,1954,2000
1798,1954,2000
1797,1955,2000
1796,1955,2000
1795,1955,2000
1794,1956,2000
1793,1956,2000
1793,1956,2000
1792,1957,2000
1791,1957,2000
1790,1957,2000
1789,1958,2000
1788,1958,2000
1787,1958,2000
1787,1959,2000
1786,1959,2000
1785,1960,2000
1784,1960,2000
1783,1960,2000
1782,1961,2000
1781,1961,2000
1780,1961,2000
1780,1962,2000
1779,1962,2000
1778,1963,2000
1777,1963,2000
1776,1963,2000
1775,1964,2000
1774,1964,2000
1774,1965,2000
1773,1965,2000
1772,1966,2000
1771,1966,2000
1770,1966,2000
1769,1967,2000
1768,1967,2000
1767,1968,2000
1767,1965,2000
1767,1963,2000
1766,1960,2000
1766,1958,2000
1765,1956,2000
1765,1953,2000
1764,1951,2000
1764,1949,2000
1763,1946,2000
1763,1944,2000
1762,1942,2000
1762,1939,2000
1761,1937,2000
1761,1935,2000
1760,1932,2000
1760,1930,2000
1759,1928,2000
1758,1925,2000
1758,1923,2000
1757,1921,2000
1757,1919,2000
1756,1916,2000
1756,1914,2000
1755,1912,2000
1754,1910,2000
1754,1907,2000
1753,1905,2000
1753,1903,2000
1752,1901,2000
1751,1899,2000
1751,1896,2000
1750,1894,2000
1749,1892,2000
1749,1890,2000
1748,1888,2000
1747,1886,2000
1747,1883,2000
1746,1881,2000
1745,1879,2000
1745,1877,2000
1744,1875,2000
1743,1873,2000
1743,1871,2000
1742,1868,2000
1741,1866,2000
1740,1864,2000
1740,1862,2000
1739,1860,2000
1738,1858,2000
1738,1856,2000
1737,1855,2000
1737,1854,2000
1737,1853,2000
1736,1852,2000
1736,1851,2000
1736,1850,2000
1735,1849,2000
1735,1848,2000
1734,1847,2000
1734,1846,2000
1734,1846,2000
1733,1845,2000
1733,1844,2000
1733,1843,2000
1732,1842,2000
1732,1841,2000
1732,1840,2000
1731,1839,2000
1731,1838,2000
1731,1837,2000
1730,1836,2000
1730,1835,2000
1730,1835,2000
1729,1834,2000
1729,1833,2000
1729,1832,2000
1728,1831,2000
1728,1830,2000
1727,1829,2000
1727,1828,2000
1727,1827,2000
1726,1826,2000
1726,1825,2000
1726,1824,2000
1725,1824,2000
1725,1823,2000
1724,1822,2000
1724,1821,2000
1724,1820,2000
1723,1819,2000
1723,1818,2000
1723,1817,2000
1722,1816,2000
1722,1815,2000
1721,1815,2000
1721,1814,2000
1721,1813,2000
1720,1812,2000
1720,1811,2000
1720,1810,1100
1721,1809,1100
1723,1809,1100
1724,1808,1100
1726,1808,1100
1728,1807,1100
1729,1806,1100
1731,1806,1100
1733,1805,1100
1734,1805,1100
1736,1804,1100
1738,1803,1100
1739,1803,1100
1741,1802,1100
1743,1802,1100
1744,1801,1100
1746,1801,1100
1747,1800,1100
1749,1800,1100
1751,1799,1100
1752,1799,1100
1754,1798,1100
1756,1798,1100
1757,1797,1100
1759,1797,1100
1760,1796,1100
1762,1796,1100
1764,1795,1100
1765,1795,1100
1767,1795,1100
1769,1794,1100
1770,1794,1100
1772,1793,1100
1774,1793,1100
1775,1792,1100
1777,1792,1100
1778,1792,1100
1780,1791,1100
1782,1791,1100
1783,1791,1100
1785,1790,1100
1787,1790,1100
1788,1790,1100
1790,1789,1100
1791,1789,1100
1793,1788,1100
1795,1788,1100
1796,1788,1100
1798,1788,1100
1800,1787,1100
1801,1787,2000
1800,1787,2000
1800,1787,2000
1799,1787,2000
1798,1787,2000
1797,1787,2000
1797,1787,2000
1796,1787,2000
1795,1787,2000
1794,1787,2000
1794,1788,2000
1793,1788,2000
1792,1788,2000
1791,1788,2000
1791,1788,2000
1790,1788,2000
1789,1788,2000
1788,1788,2000
1788,1788,2000
1787,1788,2000
1786,1788,2000
1785,1788,2000
1785,1788,2000
1784,1789,2000
1783,1789,2000
1782,1789,2000
1782,1789,2000
1781,1789,2000
1780,1789,2000
1779,1789,2000
1779,1789,2000
1778,1789,2000
1777,1789,2000
1776,1789,2000
1776,1790,2000
1775,1790,2000
1774,1790,2000
1773,1790,2000
1773,1790,2000
1772,1790,2000
1771,1790,2000
1770,1790,2000
1770,1790,2000
1769,1791,2000
1768,1791,2000
1767,1791,2000
1767,1791,2000
1766,1791,2000
1765,1791,2000
1764,1791,2000
1764,1791,2000
1764,1790,2000
1764,1790,2000
1764,1789,2000
1765,1788,2000
1765,1787,2000
1765,1786,2000
1765,1785,2000
1765,1784,2000
1766,1783,2000
1766,1782,2000
1766,1782,2000
1766,1781,2000
1767,1780,2000
1767,1779,2000
1767,1778,2000
1767,1777,2000
1767,1776,2000
1768,1775,2000
1768,1775,2000
1768,1774,2000
1768,1773,2000
1768,1772,2000
1769,1771,2000
1769,1770,2000
1769,1769,2000
1769,1768,2000
1769,1768,2000
1770,1767,2000
1770,1766,2000
1770,1765,2000
1770,1764,2000
1770,1763,2000
1770,1762,2000
1771,1762,2000
1771,1761,2000
1771,1760,2000
1771,1759,2000
1771,1758,2000
1771,1757,2000
1772,1756,2000
1772,1756,2000
1772,1755,2000
1772,1754,2000
1772,1753,2000
1773,1752,2000
1773,1751,2000
1773,1750,2000
1773,1750,2000
1773,1749,2000
1773,1748,2000
1773,1749,2000
1773,1750,2000
1772,1751,2000
1772,1751,2000
1772,1752,2000
1772,1753,2000
1771,1754,2000
1771,1755,2000
1771,1756,2000
1770,1757,2000
1770,1758,2000
1770,1758,2000
1770,1759,2000
1769,1760,2000
1769,1761,2000
1769,1762,2000
1768,1763,2000
1768,1764,2000
1768,1765,2000
1767,1766,2000
1767,1766,2000
1767,1767,2000
1766,1768,2000
1766,1769,2000
1766,1770,2000
1765,1771,2000
1765,1772,2000
1765,1773,2000
1764,1774,2000
1764,1775,2000
1764,1776,2000
1763,1776,2000
1763,1777,2000
1763,1778,2000
1762,1779,2000
1762,1780,2000
1762,1781,2000
1761,1782,2000
1761,1783,2000
1761,1784,2000
1760,1785,2000
1760,1786,2000
1760,1787,2000
1759,1787,2000
1759,1788,2000
1759,1789,2000
1758,1790,2000
1758,1791,2000
1757,1792,2000
1757,1793,1100
1756,1792,1100
1755,1792,1100
1754,1791,1100
1752,1790,1100
1751,1790,1100
1750,1789,1100
1749,1789,1100
1748,1788,1100
1746,1787,1100
1745,1787,1100
1744,1786,1100
1743,1785,1100
1742,1785,1100
1740,1784,1100
1739,1783,1100
1738,1783,1100
1737,1782,1100
1736,1781,1100
1734,1781,1100
1733,1780,1100
1732,1780,1100
1731,1779,1100
1730,1778,1100
1728,1778,1100
1727,1777,1100
1726,1776,1100
1725,1776,1100
1724,1775,1100
1722,1775,1100
1721,1774,1100
1720,1773,1100
1719,1773,1100
1717,1772,1100
1716,1772,1100
1715,1771,1100
1714,1770,1100
1713,1770,1100
1711,1769,1100
1710,1769,1100
1709,1768,1100
1708,1767,1100
1707,1767,1100
1705,1766,1100
1704,1766,1100
1703,1765,1100
1702,1764,1100
1701,1764,1100
1699,1763,1100
1698,1763,1100
1697,1762,2000
1697,1761,2000
1696,1760,2000
1696,1760,2000
1695,1759,2000
1695,1758,2000
1695,1757,2000
1694,1756,2000
1694,1756,2000
1693,1755,2000
1693,1754,2000
1692,1753,2000
1692,1752,2000
1692,1752,2000
1691,1751,2000
1691,1750,2000
1690,1749,2000
1690,1749,2000
1690,1748,2000
1689,1747,2000
1689,1746,2000
1688,1745,2000
1688,1745,2000
1687,1744,2000
1687,1743,2000
1687,1742,2000
1686,1741,2000
1686,1741,2000
1685,1740,2000
1685,1739,2000
1684,1738,2000
1684,1737,2000
1684,1737,2000
1683,1736,2000
1683,1735,2000
1682,1734,2000
1682,1733,2000
1681,1733,2000
1681,1732,2000
1680,1731,2000
1680,1730,2000
1680,1730,2000
1679,1729,2000
1679,1728,2000
1678,1727,2000
1678,1726,2000
1677,1726,2000
1677,1725,2000
1676,1724,2000
1676,1723,2000
1676,1722,1100
1676,1721,1100
1676,1721,1100
1677,1720,1100
1677,1719,1100
1678,1718,1100
1678,1717,1100
1679,1716,1100
1679,1715,1100
1679,1714,1100
1680,1713,1100
1680,1712,1100
1681,1711,1100
1681,1710,1100
1681,1709,1100
1682,1708,1100
1682,1707,1100
1683,1706,1100
1683,1705,1100
1683,1705,1100
1684,1704,1100
1684,1703,1100
1684,1702,1100
1685,1701,1100
1685,1700,1100
1686,1699,1100
1686,1698,1100
1686,1697,1100
1687,1696,1100
1687,1695,1100
1687,1694,1100
1688,1693,1100
1688,1693,1100
1689,1692,1100
1689,1691,1100
1689,1690,1100
1690,1689,1100
1690,1688,1100
1690,1687,1100
1691,1686,1100
1691,1685,1100
1691,1684,1100
1692,1684,1100
1692,1683,1100
1692,1682,1100
1693,1681,1100
1693,1680,1100
1693,1679,1100
1694,1678,1100
1694,1677,1100
1694,1676,2000
1693,1676,2000
1692,1676,2000
1691,1675,2000
1690,1675,2000
1688,1675,2000
1687,1674,2000
1686,1674,2000
1685,1673,2000
1683,1673,2000
1682,1673,2000
1681,1672,2000
1680,1672,2000
1678,1672,2000
1677,1671,2000
1676,1671,2000
1675,1671,2000
1674,1670,2000
1672,1670,2000
1671,1670,2000
1670,1669,2000
1669,1669,2000
1667,1669,2000
1666,1668,2000
1665,1668,2000
1664,1668,2000
1663,1667,2000
1661,1667,2000
1660,1667,2000
1659,1666,2000
1658,1666,2000
1656,1666,2000
1655,1665,2000
1654,1665,2000
1653,1665,2000
1652,1665,2000
1650,1664,2000
1649,1664,2000
1648,1664,2000
1647,1663,2000
1645,1663,2000
1644,1663,2000
1643,1662,2000
1642,1662,2000
1641,1662,2000
1639,1662,2000
1638,1661,2000
1637,1661,2000
1636,1661,2000
1634,1661,2000
1633,1660,2000
1636,1661,2000
1638,1662,2000
1641,1662,2000
1644,1663,2000
1646,1664,2000
1649,1664,2000
1651,1665,2000
1654,1666,2000
1657,1666,2000
1659,1667,2000
1662,1668,2000
1664,1669,2000
1667,1670,2000
1670,1670,2000
1672,1671,2000
1675,1672,2000
1677,1673,2000
1680,1674,2000
1683,1674,2000
1685,1675,2000
1688,1676,2000
1690,1677,2000
1693,1678,2000
1696,1679,2000
1698,1680,2000
1701,1680,2000
1704,1681,2000
1706,1682,2000
1709,1683,2000
1711,1684,2000
1714,1685,2000
1717,1686,2000
1719,1687,2000
1722,1688,2000
1725,1689,2000
1727,1690,2000
1730,1691,2000
1733,1692,2000
1735,1693,2000
1738,1694,2000
1741,1695,2000
1743,1696,2000
1746,1697,2000
1748,1698,2000
1751,1699,2000
1754,1700,2000
1757,1702,2000
1759,1703,2000
1762,1704,2000
1765,1705,2000
1761,1703,2000
1758,1701,2000
1755,1700,2000
1752,1698,2000
1749,1696,2000
1746,1694,2000
1743,1693,2000
1740,1691,2000
1737,1689,2000
1734,1687,2000
1731,1686,2000
1728,1684,2000
1725,1682,2000
1722,1681,2000
1719,1679,2000
1716,1677,2000
1713,1676,2000
1710,1674,2000
1707,1673,2000
1704,1671,2000
1701,1669,2000
1698,1668,2000
1695,1666,2000
1692,1665,2000
1689,1663,2000
1686,1661,2000
1683,1660,2000
1680,1658,2000
1677,1657,2000
1674,1655,2000
1671,1654,2000
1668,1652,2000
1665,1651,2000
1662,1650,2000
1659,1648,2000
1656,1647,2000
1653,1645,2000
1650,1644,2000
1647,1642,2000
1644,1641,2000
1641,1640,2000
1638,1638,2000
1635,1637,2000
1632,1636,2000
1629,1634,2000
1626,1633,2000
1623,1632,2000
1620,1630,2000
1617,1629,2000
1614,1628,1100
1616,1627,1100
1617,1626,1100
1619,1626,1100
1620,1625,1100
1622,1624,1100
1623,1623,1100
1624,1623,1100
1626,1622,1100
1627,1621,1100
1629,1620,1100
1630,1620,1100
1631,1619,1100
1633,1618,1100
1634,1618,1100
1636,1617,1100
1637,1616,1100
1638,1616,1100
1640,1615,1100
1641,1614,1100
1643,1614,1100
1644,1613,1100
1645,1612,1100
1647,1612,1100
1648,1611,1100
1650,1610,1100
1651,1610,1100
1652,1609,1100
1654,1609,1100
1655,1608,1100
1656,1607,1100
1658,1607,1100
1659,1606,1100
1660,1606,1100
1662,1605,1100
1663,1604,1100
1665,1604,1100
1666,1603,1100
1667,1603,1100
1669,1602,1100
1670,1602,1100
1671,1601,1100
1673,1601,1100
1674,1600,1100
1675,1600,1100
1677,1599,1100
1678,1599,1100
1679,1598,1100
1681,1598,1100
1682,1597,1100
1683,1597,2000
1682,1597,2000
1681,1598,2000
1679,1598,2000
1678,1598,2000
1677,1599,2000
1675,1599,2000
1674,1600,2000
1673,1600,2000
1671,1600,2000
1670,1601,2000
1669,1601,2000
1667,1602,2000
1666,1602,2000
1665,1603,2000
1663,1603,2000
1662,1604,2000
1660,1604,2000
1659,1605,2000
1658,1605,2000
1656,1606,2000
1655,1606,2000
1654,1607,2000
1652,1607,2000
1651,1608,2000
1650,1608,2000
1648,1609,2000
1647,1609,2000
1645,1610,2000
1644,1610,2000
1643,1611,2000
1641,1611,2000
1640,1612,2000
1639,1612,2000
1637,1613,2000
1636,1614,2000
1634,1614,2000
1633,1615,2000
1632,1615,2000
1630,1616,2000
1629,1617,2000
1627,1617,2000
1626,1618,2000
1625,1618,2000
1623,1619,2000
1622,1620,2000
1620,1620,2000
1619,1621,2000
1618,1622,2000
1616,1622,2000
1615,1623,1100
1615,1621,1100
1615,1620,1100
1615,1618,1100
1616,1616,1100
1616,1615,1100
1616,1613,1100
1616,1611,1100
1616,1610,1100
1617,1608,1100
1617,1606,1100
1617,1605,1100
1617,1603,1100
1617,1601,1100
1617,1600,1100
1618,1598,1100
1618,1596,1100
1618,1595,1100
1618,1593,1100
1618,1591,1100
1618,1590,1100
1618,1588,1100
1618,1586,1100
1619,1585,1100
1619,1583,1100
1619,1581,1100
1619,1580,1100
1619,1578,1100
1619,1577,1100
1619,1575,1100
1619,1573,1100
1619,1572,1100
1619,1570,1100
1619,1568,1100
1619,1567,1100
1619,1565,1100
1619,1563,1100
1619,1562,1100
1619,1560,1100
1619,1559,1100
1619,1557,1100
1619,1555,1100
1619,1554,1100
1619,1552,1100
1619,1550,1100
1619,1549,1100
1619,1547,1100
1619,1546,1100
1619,1544,1100
1619,1542,1100
1619,1541,2000
1618,1541,2000
1617,1542,2000
1616,1542,2000
1615,1542,2000
1614,1543,2000
1613,1543,2000
1612,1544,2000
1611,1544,2000
1610,1545,2000
1609,1545,2000
1608,1546,2000
1607,1546,2000
1606,1547,2000
1605,1547,2000
1604,1547,2000
1603,1548,2000
1602,1548,2000
1601,1549,2000
1600,1549,2000
1599,1550,2000
1598,1550,2000
1597,1551,2000
1596,1551,2000
1595,1552,2000
1594,1552,2000
1593,1553,2000
1592,1553,2000
1591,1554,2000
1590,1554,2000
1589,1555,2000
1588,1556,2000
1587,1556,2000
1586,1557,2000
1585,1557,2000
1584,1558,2000
1582,1558,2000
1581,1559,2000
1580,1559,2000
1579,1560,2000
1578,1560,2000
1577,1561,2000
1576,1562,2000
1575,1562,2000
1574,1563,2000
1573,1563,2000
1572,1564,2000
1571,1565,2000
1570,1565,2000
1569,1566,2000
1568,1566,2000
1567,1566,2000
1567,1565,2000
1566,1564,2000
1566,1563,2000
1565,1563,2000
1565,1562,2000
1564,1561,2000
1564,1561,2000
1563,1560,2000
1563,1559,2000
1562,1559,2000
1562,1558,2000
1561,1557,2000
1561,1556,2000
1560,1556,2000
1560,1555,2000
1559,1554,2000
1559,1554,2000
1558,1553,2000
1558,1552,2000
1557,1552,2000
1557,1551,2000
1556,1550,2000
1556,1549,2000
1555,1549,2000
1555,1548,2000
1554,1547,2000
1554,1547,2000
1553,1546,2000
1553,1545,2000
1552,1544,2000
1552,1544,2000
1551,1543,2000
1551,1542,2000
1550,1542,2000
1550,1541,2000
1549,1540,2000
1549,1540,2000
1548,1539,2000
1548,1538,2000
1547,1537,2000
1547,1537,2000
1546,1536,2000
1546,1535,2000
1545,1535,2000
1545,1534,2000
1544,1533,2000
1544,1533,2000
1543,1532,2000
1543,1531,1100
1544,1530,1100
1545,1529,1100
1546,1529,1100
1547,1528,1100
1548,1527,1100
1550,1526,1100
1551,1525,1100
1552,1525,1100
1553,1524,1100
1554,1523,1100
1555,1522,1100
1557,1521,1100
1558,1521,1100
1559,1520,1100
1560,1519,1100
1561,1518,1100
1562,1518,1100
1563,1517,1100
1564,1516,1100
1566,1515,1100
1567,1515,1100
1568,1514,1100
1569,1513,1100
1570,1512,1100
1571,1512,1100
1572,1511,1100
1573,1510,1100
1574,1509,1100
1575,1509,1100
1577,1508,1100
1578,1507,1100
1579,1507,1100
1580,1506,1100
1581,1505,1100
1582,1505,1100
1583,1504,1100
1584,1503,1100
1585,1503,1100
1586,1502,1100
1587,1501,1100
1588,1501,1100
1589,1500,1100
1590,1499,1100
1591,1499,1100
1593,1498,1100
1594,1498,1100
1595,1497,1100
1596,1496,1100
1597,1496,1100
1598,1495,2000
1597,1496,2000
1596,1496,2000
1595,1497,2000
1594,1497,2000
1593,1498,2000
1592,1499,2000
1591,1499,2000
1590,1500,2000
1589,1500,2000
1588,1501,2000
1587,1502,2000
1586,1502,2000
1585,1503,2000
1584,1503,2000
1583,1504,2000
1582,1505,2000
1581,1505,2000
1580,1506,2000
1579,1506,2000
1578,1507,2000
1577,1508,2000
1576,1508,2000
1575,1509,2000
1574,1510,2000
1573,1510,2000
1572,1511,2000
1571,1512,2000
1570,1512,2000
1569,1513,2000
1568,1514,2000
1567,1514,2000
1566,1515,2000
1565,1516,2000
1564,1516,2000
1563,1517,2000
1562,1518,2000
1561,1519,2000
1560,1519,2000
1559,1520,2000
1558,1521,2000
1557,1521,2000
1556,1522,2000
1555,1523,2000
1554,1524,2000
1553,1524,2000
1552,1525,2000
1551,1526,2000
1549,1527,2000
1548,1527,2000
1547,1528,1100
1546,1527,1100
1545,1525,1100
1544,1524,1100
1542,1522,1100
1541,1521,1100
1540,1519,1100
1538,1518,1100
1537,1516,1100
1536,1515,1100
1535,1513,1100
1533,1512,1100
1532,1510,1100
1531,1509,1100
1530,1507,1100
1528,1506,1100
1527,1505,1100
1526,1503,1100
1524,1502,1100
1523,1500,1100
1522,1499,1100
1520,1497,1100
1519,1496,1100
1518,1494,1100
1517,1493,1100
1515,1491,1100
1514,1490,1100
1513,1488,1100
1511,1487,1100
1510,1485,1100
1509,1484,1100
1507,1483,1100
1506,1481,1100
1505,1480,1100
1503,1478,1100
1502,1477,1100
1501,1475,1100
1499,1474,1100
1498,1472,1100
1497,1471,1100
1495,1469,1100
1494,1468,1100
1493,1467,1100
1491,1465,1100
1490,1464,1100
1489,1462,1100
1487,1461,1100
1486,1459,1100
1485,1458,1100
1483,1456,1100
1482,1455,2000
1484,1456,2000
1486,1457,2000
1488,1458,2000
1490,1459,2000
1492,1460,2000
1494,1461,2000
1496,1463,2000
1498,1464,2000
1500,1465,2000
1502,1466,2000
1503,1467,2000
1505,1468,2000
1507,1469,2000
1509,1470,2000
1511,1472,2000
1513,1473,2000
1515,1474,2000
1517,1475,2000
1519,1476,2000
1521,1477,2000
1523,1478,2000
1525,1480,2000
1527,1481,2000
1529,1482,2000
1531,1483,2000
1533,1484,2000
1535,1486,2000
1537,1487,2000
1539,1488,2000
1541,1489,2000
1543,1490,2000
1545,1492,2000
1547,1493,2000
1549,1494,2000
1550,1495,2000
1552,1497,2000
1554,1498,2000
1556,1499,2000
1558,1500,2000
1560,1502,2000
1562,1503,2000
1564,1504,2000
1566,1505,2000
1568,1507,2000
1570,1508,2000
1572,1509,2000
1574,1511,2000
1576,1512,2000
1578,1513,2000
1580,1514,1100
1579,1513,1100
1578,1512,1100
1576,1511,1100
1575,1510,1100
1574,1509,1100
1572,1507,1100
1571,1506,1100
1570,1505,1100
1569,1504,1100
1567,1503,1100
1566,1502,1100
1565,1500,1100
1563,1499,1100
1562,1498,1100
1561,1497,1100
1560,1496,1100
1558,1495,1100
1557,1494,1100
1556,1492,1100
1555,1491,1100
1553,1490,1100
1552,1489,1100
1551,1488,1100
1549,1487,1100
1548,1486,1100
1547,1484,1100
1546,1483,1100
1544,1482,1100
1543,1481,1100
1542,1480,1100
1540,1479,1100
1539,1478,1100
1538,1476,1100
1537,1475,1100
1535,1474,1100
1534,1473,1100
1533,1472,1100
1531,1471,1100
1530,1470,1100
1529,1469,1100
1528,1467,1100
1526,1466,1100
1525,1465,1100
1524,1464,1100
1522,1463,1100
1521,1462,1100
1520,1461,1100
1518,1460,1100
1517,1459,1100
1516,1457,2000
1517,1458,2000
1519,1459,2000
1520,1459,2000
1522,1460,2000
1523,1461,2000
1524,1461,2000
1526,1462,2000
1527,1463,2000
1529,1464,2000
1530,1464,2000
1532,1465,2000
1533,1466,2000
1534,1466,2000
1536,1467,2000
1537,1468,2000
1539,1469,2000
1540,1469,2000
1542,1470,2000
1543,1471,2000
1545,1471,2000
1546,1472,2000
1547,1473,2000
1549,1474,2000
1550,1474,2000
1552,1475,2000
1553,1476,2000
1555,1477,2000
1556,1477,2000
1558,1478,2000
1559,1479,2000
1560,1480,2000
1562,1480,2000
1563,1481,2000
1565,1482,2000
1566,1483,2000
1568,1483,2000
1569,1484,2000
1571,1485,2000
1572,1486,2000
1574,1487,2000
1575,1487,2000
1576,1488,2000
1578,1489,2000
1579,1490,2000
1581,1491,2000
1582,1491,2000
1584,1492,2000
1585,1493,2000
1587,1494,2000
1588,1495,1100
1587,1493,1100
1585,1492,1100
1584,1490,1100
1582,1489,1100
1581,1487,1100
1580,1486,1100
1578,1484,1100
1577,1483,1100
1575,1481,1100
1574,1480,1100
1572,1479,1100
1571,1477,1100
1570,1476,1100
1568,1474,1100
1567,1473,1100
1565,1471,1100
1564,1470,1100
1562,1468,1100
1561,1467,1100
1559,1465,1100
1558,1464,1100
1556,1463,1100
1555,1461,1100
1554,1460,1100
1552,1458,1100
1551,1457,1100
1549,1455,1100
1548,1454,1100
1546,1452,1100
1545,1451,1100
1543,1450,1100
1542,1448,1100
1540,1447,1100
1539,1445,1100
1538,1444,1100
1536,1442,1100
1535,1441,1100
1533,1439,1100
1532,1438,1100
1530,1437,1100
1529,1435,1100
1527,1434,1100
1526,1432,1100
1524,1431,1100
1523,1429,1100
1521,1428,1100
1520,1427,1100
1518,1425,1100
1517,1424,1100
1515,1422,2000
1514,1422,2000
1512,1421,2000
1511,1421,2000
1509,1421,2000
1508,1420,2000
1506,1420,2000
1505,1420,2000
1503,1419,2000
1502,1419,2000
1500,1418,2000
1499,1418,2000
1497,1418,2000
1496,1417,2000
1494,1417,2000
1493,1417,2000
1491,1416,2000
1490,1416,2000
1488,1416,2000
1487,1415,2000
1485,1415,2000
1484,1415,2000
1482,1414,2000
1481,1414,2000
1479,1414,2000
1478,1413,2000
1476,1413,2000
1475,1413,2000
1473,1413,2000
1472,1412,2000
1470,1412,2000
1469,1412,2000
1467,1412,2000
1466,1411,2000
1464,1411,2000
1463,1411,2000
1461,1411,2000
1460,1410,2000
1458,1410,2000
1457,1410,2000
1455,1410,2000
1454,1409,2000
1452,1409,2000
1451,1409,2000
1449,1409,2000
1448,1409,2000
1446,1408,2000
1445,1408,2000
1443,1408,2000
1442,1408,2000
1440,1408,1100
1438,1406,1100
1436,1404,1100
1434,1402,1100
1432,1400,1100
1431,1398,1100
1429,1396,1100
1427,1395,1100
1425,1393,1100
1423,1391,1100
1421,1389,1100
1419,1387,1100
1417,1385,1100
1415,1383,1100
1413,1382,1100
1411,1380,1100
1409,1378,1100
1407,1376,1100
1405,1374,1100
1403,1372,1100
1401,1370,1100
1399,1369,1100
1397,1367,1100
1395,1365,1100
1393,1363,1100
1391,1361,1100
1389,1360,1100
1387,1358,1100
1385,1356,1100
1383,1354,1100
1381,1352,1100
1379,1351,1100
1377,1349,1100
1375,1347,1100
1373,1345,1100
1371,1343,1100
1369,1342,1100
1367,1340,1100
1365,1338,1100
1363,1336,1100
1361,1335,1100
1359,1333,1100
1357,1331,1100
1355,1329,1100
1353,1328,1100
1351,1326,1100
1349,1324,1100
1347,1322,1100
1345,1321,1100
1343,1319,1100
1341,1317,2000
1342,1318,2000
1343,1319,2000
1345,1320,2000
1346,1321,2000
1347,1322,2000
1348,1323,2000
1349,1324,2000
1351,1325,2000
1352,1326,2000
1353,1327,2000
1354,1328,2000
1356,1329,2000
1357,1330,2000
1358,1331,2000
1359,1333,2000
1360,1334,2000
1362,1335,2000
1363,1336,2000
1364,1337,2000
1365,1338,2000
1367,1339,2000
1368,1340,2000
1369,1341,2000
1370,1342,2000
1371,1343,2000
1373,1344,2000
1374,1345,2000
1375,1346,2000
1376,1347,2000
1377,1348,2000
1379,1349,2000
1380,1350,2000
1381,1351,2000
1382,1353,2000
1384,1354,2000
1385,1355,2000
1386,1356,2000
1387,1357,2000
1388,1358,2000
1390,1359,2000
1391,1360,2000
1392,1361,2000
1393,1362,2000
1394,1363,2000
1396,1364,2000
1397,1365,2000
1398,1366,2000
1399,1368,2000
1400,1369,2000
1402,1370,2000
1402,1369,2000
1403,1368,2000
1403,1367,2000
1404,1366,2000
1404,1365,2000
1405,1364,2000
1405,1363,2000
1406,1362,2000
1406,1360,2000
1407,1359,2000
1407,1358,2000
1408,1357,2000
1408,1356,2000
1409,1355,2000
1409,1354,2000
1410,1353,2000
1410,1352,2000
1411,1351,2000
1411,1350,2000
1412,1349,2000
1412,1348,2000
1412,1347,2000
1413,1346,2000
1413,1345,2000
1414,1344,2000
1414,1343,2000
1415,1342,2000
1415,1341,2000
1416,1340,2000
1416,1339,2000
1416,1339,2000
1417,1338,2000
1417,1337,2000
1418,1336,2000
1418,1335,2000
1418,1334,2000
1419,1333,2000
1419,1332,2000
1420,1331,2000
1420,1330,2000
1420,1329,2000
1421,1328,2000
1421,1327,2000
1422,1326,2000
1422,1325,2000
1422,1324,2000
1423,1323,2000
1423,1322,2000
1423,1321,2000
